   147
 -1.151293E+01 -3.072785E+00 -3.245655E+00
 -1.141293E+01 -3.039479E+00 -3.212354E+00
 -1.131293E+01 -3.006174E+00 -3.179055E+00
 -1.121293E+01 -2.972872E+00 -3.145758E+00
 -1.111293E+01 -2.939572E+00 -3.112464E+00
 -1.101293E+01 -2.906274E+00 -3.079173E+00
 -1.091293E+01 -2.872978E+00 -3.045884E+00
 -1.081293E+01 -2.839685E+00 -3.012599E+00
 -1.071293E+01 -2.806395E+00 -2.979317E+00
 -1.061293E+01 -2.773107E+00 -2.946038E+00
 -1.051293E+01 -2.739823E+00 -2.912763E+00
 -1.041293E+01 -2.706543E+00 -2.879492E+00
 -1.031293E+01 -2.673265E+00 -2.846226E+00
 -1.021293E+01 -2.639992E+00 -2.812964E+00
 -1.011293E+01 -2.606723E+00 -2.779707E+00
 -1.001293E+01 -2.573459E+00 -2.746456E+00
 -9.912925E+00 -2.540199E+00 -2.713210E+00
 -9.812925E+00 -2.506944E+00 -2.679970E+00
 -9.712925E+00 -2.473695E+00 -2.646736E+00
 -9.612925E+00 -2.440451E+00 -2.613510E+00
 -9.512925E+00 -2.407214E+00 -2.580290E+00
 -9.412925E+00 -2.373983E+00 -2.547079E+00
 -9.312925E+00 -2.340759E+00 -2.513876E+00
 -9.212925E+00 -2.307543E+00 -2.480682E+00
 -9.112925E+00 -2.274335E+00 -2.447498E+00
 -9.012925E+00 -2.241136E+00 -2.414324E+00
 -8.912925E+00 -2.207946E+00 -2.381161E+00
 -8.812925E+00 -2.174766E+00 -2.348010E+00
 -8.712925E+00 -2.141596E+00 -2.314871E+00
 -8.612925E+00 -2.108438E+00 -2.281746E+00
 -8.512925E+00 -2.075292E+00 -2.248635E+00
 -8.412925E+00 -2.042158E+00 -2.215540E+00
 -8.312925E+00 -2.009039E+00 -2.182461E+00
 -8.212925E+00 -1.975934E+00 -2.149400E+00
 -8.112925E+00 -1.942846E+00 -2.116357E+00
 -8.012925E+00 -1.909774E+00 -2.083335E+00
 -7.912925E+00 -1.876720E+00 -2.050334E+00
 -7.812925E+00 -1.843686E+00 -2.017357E+00
 -7.712925E+00 -1.810672E+00 -1.984404E+00
 -7.612925E+00 -1.777681E+00 -1.951477E+00
 -7.512925E+00 -1.744713E+00 -1.918578E+00
 -7.412925E+00 -1.711770E+00 -1.885710E+00
 -7.312925E+00 -1.678855E+00 -1.852874E+00
 -7.212925E+00 -1.645969E+00 -1.820073E+00
 -7.112925E+00 -1.613113E+00 -1.787308E+00
 -7.012925E+00 -1.580291E+00 -1.754584E+00
 -6.912925E+00 -1.547505E+00 -1.721901E+00
 -6.812925E+00 -1.514756E+00 -1.689264E+00
 -6.712925E+00 -1.482048E+00 -1.656675E+00
 -6.612925E+00 -1.449384E+00 -1.624139E+00
 -6.512925E+00 -1.416766E+00 -1.591657E+00
 -6.412925E+00 -1.384198E+00 -1.559236E+00
 -6.312925E+00 -1.351684E+00 -1.526878E+00
 -6.212925E+00 -1.319226E+00 -1.494588E+00
 -6.112925E+00 -1.286830E+00 -1.462372E+00
 -6.012925E+00 -1.254500E+00 -1.430234E+00
 -5.912925E+00 -1.222240E+00 -1.398179E+00
 -5.812925E+00 -1.190055E+00 -1.366215E+00
 -5.712925E+00 -1.157950E+00 -1.334347E+00
 -5.612925E+00 -1.125932E+00 -1.302582E+00
 -5.512925E+00 -1.094006E+00 -1.270928E+00
 -5.412925E+00 -1.062180E+00 -1.239392E+00
 -5.312925E+00 -1.030460E+00 -1.207984E+00
 -5.212925E+00 -9.988535E-01 -1.176713E+00
 -5.112925E+00 -9.673694E-01 -1.145587E+00
 -5.012925E+00 -9.360165E-01 -1.114619E+00
 -4.912925E+00 -9.048042E-01 -1.083820E+00
 -4.812925E+00 -8.737428E-01 -1.053202E+00
 -4.712925E+00 -8.428434E-01 -1.022778E+00
 -4.612925E+00 -8.121180E-01 -9.925631E-01
 -4.512925E+00 -7.815793E-01 -9.625727E-01
 -4.412925E+00 -7.512414E-01 -9.328237E-01
 -4.312925E+00 -7.211190E-01 -9.033342E-01
 -4.212925E+00 -6.912285E-01 -8.741237E-01
 -4.112925E+00 -6.615873E-01 -8.452136E-01
 -4.012925E+00 -6.322143E-01 -8.166266E-01
 -3.912925E+00 -6.031300E-01 -7.883878E-01
 -3.812925E+00 -5.743564E-01 -7.605238E-01
 -3.712925E+00 -5.459175E-01 -7.330639E-01
 -3.612925E+00 -5.178394E-01 -7.060396E-01
 -3.512925E+00 -4.901502E-01 -6.794853E-01
 -3.412925E+00 -4.628806E-01 -6.534382E-01
 -3.312925E+00 -4.360638E-01 -6.279385E-01
 -3.212925E+00 -4.097360E-01 -6.030304E-01
 -3.112925E+00 -3.839366E-01 -5.787616E-01
 -3.012925E+00 -3.587085E-01 -5.551841E-01
 -2.912925E+00 -3.340984E-01 -5.323547E-01
 -2.812925E+00 -3.101575E-01 -5.103352E-01
 -2.712925E+00 -2.869415E-01 -4.891928E-01
 -2.612925E+00 -2.645114E-01 -4.690014E-01
 -2.512925E+00 -2.429340E-01 -4.498411E-01
 -2.412925E+00 -2.222824E-01 -4.317999E-01
 -2.312925E+00 -2.026367E-01 -4.149737E-01
 -2.212925E+00 -1.840851E-01 -3.994678E-01
 -2.112925E+00 -1.667242E-01 -3.853972E-01
 -2.012925E+00 -1.506604E-01 -3.728881E-01
 -1.912925E+00 -1.360107E-01 -3.620787E-01
 -1.812925E+00 -1.229042E-01 -3.531206E-01
 -1.712925E+00 -1.114830E-01 -3.461803E-01
 -1.612925E+00 -1.019041E-01 -3.414405E-01
 -1.512925E+00 -9.434091E-02 -3.391020E-01
 -1.412925E+00 -8.898505E-02 -3.393853E-01
 -1.312925E+00 -8.604850E-02 -3.425331E-01
 -1.212925E+00 -8.576601E-02 -3.488121E-01
 -1.112925E+00 -8.839748E-02 -3.585158E-01
 -1.012925E+00 -9.423101E-02 -3.719675E-01
 -9.129255E-01 -1.035860E-01 -3.895228E-01
 -8.129255E-01 -1.168170E-01 -4.115737E-01
 -7.129255E-01 -1.343170E-01 -4.385518E-01
 -6.129255E-01 -1.565227E-01 -4.709331E-01
 -5.129255E-01 -1.839188E-01 -5.092418E-01
 -4.129255E-01 -2.170435E-01 -5.540562E-01
 -3.129255E-01 -2.564946E-01 -6.060138E-01
 -2.129255E-01 -3.029359E-01 -6.658181E-01
 -1.129255E-01 -3.571050E-01 -7.342447E-01
 -1.292546E-02 -4.198204E-01 -8.121497E-01
  8.707454E-02 -4.919913E-01 -9.004779E-01
  1.870745E-01 -5.746270E-01 -1.000272E+00
  2.870745E-01 -6.688475E-01 -1.112682E+00
  3.870745E-01 -7.758955E-01 -1.238980E+00
  4.870745E-01 -8.971495E-01 -1.380567E+00
  5.870745E-01 -1.034138E+00 -1.538995E+00
  6.870745E-01 -1.188556E+00 -1.715973E+00
  7.870745E-01 -1.362279E+00 -1.913392E+00
  8.870745E-01 -1.557390E+00 -2.133339E+00
  9.870745E-01 -1.776190E+00 -2.378121E+00
  1.087075E+00 -2.021230E+00 -2.650287E+00
  1.187075E+00 -2.295338E+00 -2.952652E+00
  1.287075E+00 -2.601617E+00 -3.288329E+00
  1.387075E+00 -2.943540E+00 -3.660755E+00
  1.487075E+00 -3.324923E+00 -4.073731E+00
  1.587075E+00 -3.749987E+00 -4.531457E+00
  1.687075E+00 -4.223403E+00 -5.038577E+00
  1.787075E+00 -4.750332E+00 -5.600220E+00
  1.887075E+00 -5.336480E+00 -6.222059E+00
  1.987075E+00 -5.988151E+00 -6.910364E+00
  2.087075E+00 -6.712314E+00 -7.672062E+00
  2.187075E+00 -7.516668E+00 -8.514815E+00
  2.287075E+00 -8.409720E+00 -9.447088E+00
  2.387075E+00 -9.400871E+00 -1.047825E+01
  2.487075E+00 -1.050051E+01 -1.161863E+01
  2.587075E+00 -1.172012E+01 -1.287968E+01
  2.687075E+00 -1.307237E+01 -1.427405E+01
  2.787075E+00 -1.457128E+01 -1.581569E+01
  2.887075E+00 -1.623232E+01 -1.752002E+01
  2.987075E+00 -1.807262E+01 -1.940417E+01
  3.087075E+00 -2.011108E+01 -2.148697E+01
